-1.48462176225475
-1.24050491068527
-1.08523860999326
-0.933992920227692
-0.780153932524979
-0.596659384857277
-0.541030813129946
-0.44457639039641
-0.264643250099943
-0.208117111691744
-0.114709385348062
0.0230478460641351
0.0887421734866158
0.11856265503436
0.170233728382754
0.224769075142683
0.368663166321896
0.39941453626385
0.411805882299904
0.592785675084291
0.688013486109813
0.735074220895271
0.875202438905708
1.00742500284667
1.18827880468328
1.28740662484527
1.32525576672008
1.38883741956293
1.50139640705928
1.53317052919115
1.69934106557903
1.78401439373336
1.87015327406999
2.01501096020393
2.14764333872309
