-2.95123003321535
-2.61349518224374
-2.34910996911926
-2.24420809771123
-2.18096991982085
-1.98354679878971
-1.88795516813551
-1.81775415811922
-1.65715414429433
-1.63204064922483
-1.60368232123439
-1.49305958407152
-1.46930913304874
-1.35440587554479
-1.31103941552762
-1.23831647005473
-1.19592075440644
-1.14989697947344
-1.04130768714442
-0.958965888218812
-0.899529440335138
-0.884311607145455
-0.799812895047879
-0.696502501182861
-0.640240888599313
-0.61276370255502
-0.552464465207231
-0.541347011957349
-0.44560514267586
-0.436766659468818
-0.356728186383717
-0.300067552478936
-0.282780054142183
-0.242291655114732
-0.241487735972208
-0.203851589415349
-0.161952344298934
-0.086267648833268
-0.0433989399564606
-0.0279771011165652
0.00294685098431098
0.0340491302094785
0.106681488124068
0.142049390987977
0.155781397187524
0.182785332795521
0.288199230734082
0.296364049899564
0.333240744549178
0.340474172367934
0.46169379013377
0.515848413284543
0.554724096244641
0.635182300574115
0.660987990450481
0.663360228908926
0.802745770124813
0.803955371775753
0.901998483965037
0.962228274514575
1.01298855299975
1.12088728582066
1.15775980286929
1.17124832236692
1.27954700003155
1.29097914609112
1.43267535236034
1.4393771383879
1.60624820734035
1.62859612414178
1.72586761681135
1.72849720992442
1.84390877983386
1.96701025487796
2.08862804961264
