-4.2580352072829
-3.39619826898771
-3.02159445540611
-2.7298512549059
-2.58580467002599
-2.54473648275003
-2.2921561326811
-2.10592915555832
-1.91250628605481
-1.90678005728072
-1.72583955357318
-1.6393376375145
-1.46957960955734
-1.43071540140525
-1.30220818319856
-1.1340378801876
-1.04525714419792
-0.92669902264422
-0.872140103618766
-0.859358759986877
-0.76038175996996
-0.566254937223667
-0.551094881443539
-0.501187925514629
-0.38744599817968
-0.190000048525264
-0.173919173415468
-0.132344276781406
-0.0619585364139539
0.0908181330721041
0.189665013046626
0.245004682488322
0.328840252139601
0.546942477470523
0.628944010545448
0.87736398446053
0.962044389577709
1.01694794026542
1.25578101273128
1.29601880003358
1.59878113374721
1.94620097470696
