-3.93067358950157
-3.52704357161697
-3.16815082926232
-3.15052210754159
-2.88749846389874
-2.80087400605071
-2.70912442888926
-2.52756184804826
-2.41813085204018
-2.3538671946794
-2.24966722787196
-2.14885328671121
-1.99863659925616
-1.97769447707849
-1.95973071717982
-1.81140743347878
-1.77566420439304
-1.74156187426856
-1.73091926154294
-1.64204428536647
-1.58866419318946
-1.56096316010479
-1.48513738415198
-1.40471277736848
-1.39278136206492
-1.37901556256642
-1.3222164085609
-1.22424955247857
-1.17941200013131
-1.16267652791068
-1.1151619643351
-1.012033603829
-1.00130370837166
-0.996493229635666
-0.961511860329718
-0.844858074996116
-0.810280025729771
-0.806393842163074
-0.750287393007196
-0.709203987330144
-0.646926342357583
-0.630349473737543
-0.627184812979394
-0.58382283591933
-0.461419940821618
-0.448078805500391
-0.39878313651109
-0.348508971100129
-0.345200579831093
-0.290836377767392
-0.268297438722016
-0.2522603772589
-0.202116484354977
-0.116503586795082
-0.108342977081873
-0.0866882602875567
-0.0459061438709661
0.00693694240552812
0.0371957975430007
0.0479854588966719
0.128233045518222
0.140941701422376
0.196981464115564
0.26284219718002
0.276697917070639
0.391816554212502
0.429089005567495
0.455408345015033
0.503968606147095
0.570360706781989
0.57878759446001
0.605910458439501
0.721673657010385
0.797574539717258
0.804357836005266
0.914421071387349
0.928226129747877
1.03730560322915
1.04630102129966
1.15303576740979
1.15617155257772
1.25159070241407
1.32421214913207
1.37180049458193
1.45859075498733
1.55952240754937
1.66788019512264
1.81587539097138
1.91416854609028
2.02234580781915
